1 -0.310344827586207 0.1935960591133 -0.0832512315270936 -0.238423645320197 -0.0768472906403941 0.193103448275862 -0.0541871921182266 -0.120689655172414 0.0689655172413793 -0.180295566502463 -0.045320197044335 0.029064039408867 0.210344827586207 0.10935960591133 -0.0827586206896552 0.0310344827586207 -0.258620689655172 -0.0369458128078818 0.0467980295566502 -0.0866995073891625 -0.0295566502463054 -0.320689655172414 -0.012807881773399 0.144334975369458 0.0315270935960591 0.126600985221675 0.451724137931034 0.0615763546798029 -0.297536945812808 0.117733990147783 0.0423645320197044 -0.124137931034483 -0.324630541871921 -0.320689655172414 0.11576354679803 0.131034482758621 0.0729064039408867 0.110837438423645 -0.0817733990147783 0.00197044334975369 0.211822660098522 0.279802955665025 0.0137931034482759 0.186206896551724 0.23448275862069 0.0896551724137931 -0.196059113300493 -0.101477832512315 0.0374384236453202 -0.123152709359606 -0.185714285714286 -0.126600985221675 0.175862068965517 0.177832512315271 -0.328571428571429 -0.413300492610837 -0.3 0.0660098522167488 -0.110837438423645 -0.276354679802956 -0.0275862068965517 -0.429855896843481 -0.27192118226601 -0.579802955665024 -0.389162561576355 -0.376847290640394 -0.50935960591133 -0.520197044334975 -0.518126164533565 -0.513234653354315 -0.533497536945813 0.284729064039409 0.186206896551724 0.320197044334975 -0.054679802955665 0.0497536945812808 0.0852216748768473 -0.0280788177339901 -0.0389162561576355 0.145812807881773 0.12807881773399 0.278817733990148 -0.00591133004926108 -0.0679802955665025 -0.205911330049261 -0.207389162561576 -0.217733990147783 -0.205418719211823 -0.169950738916256 -0.255665024630542 -0.483251231527093 -0.0477832512315271 -0.0492610837438424 -0.170935960591133 0.154679802955665 0.025615763546798 0.0926108374384236 -0.114285714285714 -0.138423645320197 -0.2 -0.112807881773399 -0.105911330049261 0.0438423645320197 0.0246305418719212 -0.250246305418719 -0.194581280788177 -0.404926108374384 -0.126108374384236 -0.00344827586206897 -0.361083743842364 -0.0699507389162561 0.144334975369458 -0.251231527093596 0.0645320197044335 -0.169458128078818 0.193103448275862 -0.261083743842364 -0.483743842364532 0.167980295566502 0.205418719211823 0.170443349753695 -0.00344827586206897 -0.444827586206896 0.0911330049261083 -0.0280788177339901 0.00640394088669951 -0.178817733990148 0.0379310344827586 -0.161083743842365 -0.00541871921182266 -0.332019704433497 -0.297044334975369 -0.444827586206896 -0.158128078817734 -0.189162561576355 -0.367980295566502 -0.27192118226601 0.0901588872462544 -0.155117257254456 -0.145320197044335 -0.210837438423645 -0.375369458128079 -0.184729064039409 0.0591133004926108 0.0226600985221675 0.0945812807881773 -0.26256157635468 -0.410837438423645 -0.324137931034483 -0.421674876847291 -0.0655172413793103 -0.585221674876847 -0.00246305418719212 -0.0596059113300492 -0.274384236453202 -0.655665024630542 -0.157142857142857 -0.342364532019704
-0.310344827586207 1 -0.388669950738916 -0.278325123152709 -0.125615763546798 -0.214285714285714 -0.375369458128079 0.105911330049261 0.0354679802955665 -0.162068965517241 0.0758620689655172 0.129064039408867 -0.248275862068965 0.0778325123152709 -0.0980295566502463 0.0241379310344828 -0.121674876847291 0.2 0.35320197044335 -0.2 0.389655172413793 -0.191625615763547 0.410837438423645 0.123645320197044 0.175862068965517 0.273399014778325 0.182758620689655 -0.153694581280788 0.222167487684729 0.038423645320197 -0.422660098522167 -0.0187192118226601 0.229556650246305 -0.288177339901478 0.511330049261084 -0.241871921182266 0.400985221674877 -0.0275862068965517 -0.272413793103448 0.126108374384236 0.197044334975369 -0.289162561576355 0.254187192118227 -0.0477832512315271 0.070935960591133 -0.404433497536946 -0.29064039408867 0.633990147783251 0.404433497536946 -0.0339901477832512 0.454679802955665 0.00541871921182266 0.358620689655172 0.402463054187192 0.182266009852217 0.12512315270936 0.577832512315271 0.555665024630542 -0.335960591133005 0.386206896551724 0.0270935960591133 -0.312315270935961 0.169971672677365 0.208866995073892 -0.0625615763546798 -0.0261083743842364 -0.117733990147783 -0.132512315270936 -0.229556650246305 -0.198767105480273 -0.132076812237024 -0.117241379310345 0.104433497536946 -0.0532019704433497 -0.126600985221675 0.0320197044334975 -0.234975369458128 -0.301970443349754 0.17192118226601 0.045320197044335 -0.0975369458128079 -0.345320197044335 -0.420197044334975 0.267980295566502 0.0684729064039409 -0.0467980295566502 -0.102955665024631 0.119704433497537 -0.0660098522167488 -0.214778325123153 0.0280788177339901 0.658128078817734 0.361083743842364 0.265024630541872 0.48128078817734 -0.329064039408867 0.0512315270935961 -0.19064039408867 0.264039408866995 0.339408866995074 0.238423645320197 0.426108374384236 0.333004926108374 0.401970443349754 -0.100492610837438 0.240394088669951 0.724630541871921 0.0832512315270936 0.134975369458128 0.397044334975369 0.669950738916256 0.551231527093596 0.335960591133005 0.57487684729064 -0.0689655172413793 0.0374384236453202 -0.333497536945813 0.320689655172414 0.229064039408867 -0.108374384236453 -0.0778325123152709 -0.0231527093596059 0.0975369458128079 0.405418719211823 -0.257635467980296 0.180295566502463 0.266009852216749 0.23448275862069 -0.255665024630542 -0.0226600985221675 0.247783251231527 0.425615763546798 0.544827586206896 0.272906403940887 0.173891625615764 0.269950738916256 0.588669950738916 0.500985221674877 -0.243133392655883 0.143033400965953 -0.144827586206897 0.282266009852217 -0.0940886699507389 0.588669950738916 0.188669950738916 0.378325123152709 -0.016256157635468 0.271428571428571 0.58128078817734 0.620689655172414 0.532019704433497 -0.0389162561576355 0.249261083743842 -0.336945812807882 -0.167980295566502 0.137931034482759 0.166009852216749 -0.0655172413793103 0.36256157635468
0.1935960591133 -0.388669950738916 1 -0.266009852216749 -0.417733990147783 0.670443349753694 0.0679802955665025 0.562068965517241 0.126600985221675 -0.44679802955665 -0.729064039408867 0.61871921182266 -0.414778325123153 0.183743842364532 0.496059113300493 0.476354679802956 0.602463054187192 -0.104433497536946 0.0600985221674877 0.567487684729064 -0.164039408866995 0.530049261083744 -0.025615763546798 0.358128078817734 -0.0891625615763547 -0.032512315270936 0.235467980295566 0.15320197044335 0.239408866995074 0.240886699507389 0.733004926108374 0.458620689655172 0.281773399014778 0.225615763546798 -0.298029556650246 0.627093596059113 -0.250246305418719 0.367980295566502 0.608374384236453 -0.204433497536946 0.266995073891626 0.634482758620689 0.0625615763546798 0.255172413793103 0.339408866995074 0.76256157635468 0.629556650246305 0.0236453201970443 -0.0729064039408867 0.169458128078818 -0.0083743842364532 -0.0600985221674877 -0.000492610837438423 0.149753694581281 0.350738916256158 -0.212807881773399 -0.0660098522167488 -0.151231527093596 -0.295073891625616 0.218226600985222 -0.485221674876847 -0.395073891625616 -0.329350907782082 -0.610837438423645 -0.185714285714286 -0.0729064039408867 -0.178325123152709 -0.140886699507389 -0.204433497536946 0.0194821356488109 -0.18649143700779 -0.341871921182266 0.258128078817734 0.4 0.413300492610837 0.412807881773399 0.588669950738916 0.646305418719212 0.164039408866995 0.319704433497537 0.570935960591133 0.814778325123153 0.818226600985221 0.494088669950739 0.475862068965517 -0.443349753694581 -0.473399014778325 -0.626600985221675 -0.538423645320197 -0.460591133004926 -0.520689655172414 -0.230541871921182 0.158128078817734 0.167487684729064 -0.194581280788177 0.715270935960591 0.338916256157635 0.712807881773399 0.163054187192118 0.0142857142857143 0.135467980295566 -0.0458128078817734 0.117733990147783 0.244827586206897 0.421674876847291 0.0443349753694581 -0.304926108374384 0.113300492610837 0.5 0.278325123152709 -0.270443349753695 0.155172413793103 0.122167487684729 0.0507389162561576 0.0600985221674877 0.0389162561576355 0.194088669950739 -0.0640394088669951 0.000985221674876847 0.34384236453202 0.3935960591133 -0.0605911330049261 0.258128078817734 -0.0083743842364532 0.452709359605911 0.422660098522167 0.478325123152709 0.109852216748768 0.662068965517241 0.44679802955665 0.363546798029557 0.27192118226601 -0.133497536945813 0.514778325123153 0.25320197044335 0.532512315270936 -0.054679802955665 0.150738916256158 -0.100997660576405 0.207151822088622 0.00197044334975369 0.0300492610837438 -0.105418719211823 -0.158620689655172 0.176847290640394 0.312315270935961 0.315270935960591 -0.00935960591133005 -0.167980295566502 -0.0586206896551724 -0.410837438423645 -0.407389162561576 -0.435467980295566 -0.306896551724138 0.0995073891625616 -0.677339901477832 -0.392610837438424 -0.526108374384236 -0.312807881773399
-0.0832512315270936 -0.278325123152709 -0.266009852216749 1 0.913793103448276 -0.169458128078818 0.5935960591133 -0.591133004926108 -0.512315270935961 0.745812807881773 0.554187192118227 -0.700985221674877 0.875369458128079 -0.0374384236453202 -0.154679802955665 -0.509852216748768 -0.36551724137931 -0.246305418719212 -0.319211822660098 -0.229064039408867 -0.0201970443349754 -0.291133004926108 -0.421182266009852 -0.434975369458128 -0.560591133004926 -0.310344827586207 -0.580295566502463 -0.3935960591133 -0.497536945812808 -0.389655172413793 -0.324137931034483 -0.542857142857143 -0.50935960591133 -0.0364532019704433 -0.26256157635468 -0.432019704433497 -0.267980295566502 -0.513793103448276 -0.24384236453202 -0.0995073891625616 -0.539408866995074 -0.219211822660098 -0.357142857142857 -0.130541871921182 -0.173399014778325 -0.277339901477832 -0.159113300492611 -0.494088669950739 -0.668965517241379 -0.207389162561576 -0.459113300492611 -0.487192118226601 -0.270935960591133 -0.7 -0.779802955665024 -0.270443349753695 -0.564039408866995 -0.574384236453202 0.679310344827586 -0.570443349753694 0.588177339901478 0.832512315270936 0.353491812017418 0.567487684729064 0.541379310344827 0.357635467980295 0.405418719211823 0.463054187192118 0.249753694581281 0.228113613609494 0.217403031361136 0.374384236453202 -0.22512315270936 -0.16256157635468 -0.137931034482759 -0.286206896551724 -0.344334975369458 -0.372413793103448 -0.239408866995074 -0.235467980295566 -0.410344827586207 -0.361576354679803 -0.278817733990148 -0.688177339901478 -0.615763546798029 0.879802955665024 0.80295566502463 0.601970443349754 0.811330049261084 0.811822660098522 0.758620689655172 -0.446305418719212 -0.542364532019704 -0.434975369458128 -0.453694581280788 -0.320689655172414 -0.250738916256158 -0.470935960591133 -0.231034482758621 -0.220689655172414 -0.421182266009852 -0.492610837438424 -0.451231527093596 -0.606403940886699 -0.157635467980296 -0.192610837438424 -0.419211822660098 -0.186699507389163 -0.259605911330049 -0.621182266009852 -0.491133004926108 -0.584729064039409 -0.420197044334975 -0.575862068965517 -0.127586206896552 -0.241871921182266 -0.110837438423645 -0.480295566502463 -0.215270935960591 -0.271428571428571 -0.36551724137931 -0.240394088669951 -0.441871921182266 -0.458620689655172 -0.38423645320197 -0.497044334975369 -0.773891625615763 -0.391133004926108 -0.0379310344827586 -0.0862068965517241 -0.51871921182266 -0.447290640394089 -0.371428571428571 -0.533497536945813 -0.217241379310345 -0.61231527093596 -0.664532019704433 -0.600985221674877 0.0379357066555278 -0.23353901847372 -0.238423645320197 -0.537931034482758 0.0778325123152709 -0.657142857142857 -0.474384236453202 -0.640886699507389 -0.347783251231527 -0.35320197044335 -0.433004926108374 -0.611330049261084 -0.12512315270936 0.55615763546798 0.339408866995074 0.785221674876847 0.0827586206896552 0.523645320197044 0.468472906403941 0.715763546798029 0.254679802955665
-0.238423645320197 -0.125615763546798 -0.417733990147783 0.913793103448276 1 -0.231034482758621 0.532512315270936 -0.68128078817734 -0.452216748768473 0.710344827586207 0.640394088669951 -0.740394088669951 0.878817733990148 -0.116748768472906 -0.164039408866995 -0.573891625615763 -0.499014778325123 -0.315763546798029 -0.353694581280788 -0.451724137931034 -0.100492610837438 -0.440886699507389 -0.419704433497537 -0.500985221674877 -0.511822660098522 -0.305911330049261 -0.592118226600985 -0.448275862068965 -0.57487684729064 -0.37192118226601 -0.472413793103448 -0.672906403940887 -0.582758620689655 0.0403940886699507 -0.0876847290640394 -0.565024630541872 -0.250738916256158 -0.567980295566502 -0.328571428571429 -0.0152709359605911 -0.635467980295566 -0.410344827586207 -0.450246305418719 -0.217733990147783 -0.317241379310345 -0.476847290640394 -0.355172413793103 -0.436945812807882 -0.654187192118227 -0.307881773399015 -0.309852216748768 -0.414778325123153 -0.297536945812808 -0.698029556650246 -0.831034482758621 -0.2 -0.41231527093596 -0.453694581280788 0.663054187192118 -0.557635467980296 0.760591133004926 0.80935960591133 0.471979311376567 0.729064039408867 0.633497536945813 0.349753694581281 0.540886699507389 0.501477832512315 0.379802955665025 0.300616751340512 0.393675759491787 0.526600985221675 -0.34384236453202 -0.248768472906404 -0.259605911330049 -0.358128078817734 -0.368472906403941 -0.442364532019704 -0.295073891625616 -0.280295566502463 -0.496059113300493 -0.466995073891625 -0.417241379310345 -0.753694581280788 -0.651724137931034 0.911330049261084 0.863546798029556 0.747290640394089 0.899014778325123 0.832512315270936 0.863054187192118 -0.309852216748768 -0.568965517241379 -0.505911330049261 -0.37192118226601 -0.499507389162561 -0.351724137931034 -0.595073891625616 -0.294581280788177 -0.258128078817734 -0.435467980295566 -0.48128078817734 -0.407881773399015 -0.673399014778325 -0.282758620689655 -0.24384236453202 -0.292118226600985 -0.194581280788177 -0.267980295566502 -0.558128078817734 -0.419211822660098 -0.621674876847291 -0.50935960591133 -0.510837438423645 -0.178817733990148 -0.30935960591133 -0.181773399014778 -0.471428571428571 -0.187192118226601 -0.426600985221675 -0.473399014778325 -0.360591133004926 -0.541871921182266 -0.333497536945813 -0.491133004926108 -0.563546798029557 -0.776847290640394 -0.445812807881773 -0.14384236453202 -0.148768472906404 -0.452709359605911 -0.342857142857143 -0.140886699507389 -0.458620689655172 -0.209852216748768 -0.557142857142857 -0.54679802955665 -0.551231527093596 0.06109126786085 -0.16794094147899 -0.195073891625616 -0.445320197044335 0.074384236453202 -0.558620689655172 -0.532512315270936 -0.612807881773399 -0.468965517241379 -0.266009852216749 -0.349753694581281 -0.513300492610837 0.0738916256157635 0.689162561576355 0.532512315270936 0.772413793103448 0.1935960591133 0.664039408866995 0.617241379310345 0.795073891625616 0.380788177339901
-0.0768472906403941 -0.214285714285714 0.670443349753694 -0.169458128078818 -0.231034482758621 1 -0.0852216748768473 0.286206896551724 0.0891625615763547 -0.524630541871921 -0.750738916256158 0.601477832512315 -0.339408866995074 0.132019704433498 0.807881773399015 0.419211822660098 0.59064039408867 0.0615763546798029 0.0783251231527093 0.44679802955665 -0.317733990147783 0.538916256157635 0.0305418719211823 0.279310344827586 -0.177832512315271 -0.16256157635468 -0.00197044334975369 -0.154187192118227 0.0901477832512315 0.265024630541872 0.569950738916256 0.225615763546798 0.0960591133004926 0.338423645320197 -0.012807881773399 0.352709359605911 -0.271428571428571 0.201970443349754 0.541379310344827 -0.115270935960591 0.12807881773399 0.563054187192118 -0.0817733990147783 0.261576354679803 0.289655172413793 0.592118226600985 0.579310344827586 -0.103940886699507 -0.283743842364532 -0.0862068965517241 0.0339901477832512 0.087192118226601 -0.137931034482759 -0.206896551724138 -0.025615763546798 -0.168472906403941 -0.0586206896551724 -0.135960591133005 -0.257635467980296 0.129556650246305 -0.220197044334975 -0.398029556650246 0.0280822763553907 -0.49064039408867 -0.0270935960591133 -0.21871921182266 -0.080295566502463 -0.12512315270936 0.0241379310344828 0.194328137864088 0.00945230571135374 0.0556650246305419 -0.101970443349754 0.157142857142857 0.133990147783251 0.342857142857143 0.611822660098522 0.672906403940887 -0.0103448275862069 0.222660098522167 0.403448275862069 0.731034482758621 0.583251231527093 0.369950738916256 0.597044334975369 -0.433990147783251 -0.36551724137931 -0.464532019704433 -0.450246305418719 -0.347290640394089 -0.308866995073892 -0.118226600985222 0.00246305418719212 0.0935960591133005 -0.307389162561576 0.65615763546798 0.366009852216749 0.597536945812808 -0.0251231527093596 -0.0280788177339901 -0.0591133004926108 -0.232512315270936 -0.311822660098522 0.136945812807882 0.307881773399015 -0.074384236453202 -0.252216748768473 0.0389162561576355 0.586206896551724 0.226108374384236 -0.166009852216749 -0.087192118226601 -0.128571428571429 0.0177339901477832 -0.102955665024631 0.0522167487684729 0.0970443349753694 -0.118226600985222 0.0901477832512315 0.00197044334975369 -0.032512315270936 -0.347783251231527 0.130541871921182 0.0817733990147783 0.167487684729064 0.338423645320197 0.550246305418719 -0.157635467980296 0.777832512315271 0.670443349753694 0.244334975369458 0.282758620689655 0.0413793103448276 0.54679802955665 0.448768472906404 0.550246305418719 0.115270935960591 0.277339901477832 0.0854785078536893 -0.0414303644177244 -0.12807881773399 -0.233497536945813 0.0985221674876847 -0.208374384236453 -0.166502463054187 0.241379310344828 -0.0532019704433497 -0.0571428571428571 -0.22807881773399 -0.0334975369458128 -0.226108374384236 -0.187684729064039 -0.301477832512315 -0.335960591133005 0.358128078817734 -0.552216748768473 -0.206403940886699 -0.328571428571429 -0.182266009852217
0.193103448275862 -0.375369458128079 0.0679802955665025 0.5935960591133 0.532512315270936 -0.0852216748768473 1 -0.282758620689655 -0.433497536945813 0.710837438423645 0.270935960591133 -0.34679802955665 0.649753694581281 0.116256157635468 -0.157635467980296 -0.555172413793103 -0.495073891625616 -0.669458128078818 -0.292610837438424 -0.336945812807882 -0.143349753694581 -0.463054187192118 -0.652216748768473 -0.284729064039409 -0.513793103448276 -0.466009852216749 -0.486206896551724 -0.119211822660098 -0.375862068965517 -0.650246305418719 -0.0615763546798029 -0.595566502463054 -0.523645320197044 -0.0133004926108374 -0.510344827586207 -0.293103448275862 -0.244334975369458 -0.354187192118227 -0.284729064039409 -0.0536945812807882 -0.496059113300493 -0.201970443349754 -0.121674876847291 -0.328571428571429 -0.270935960591133 -0.0655172413793103 -0.183743842364532 -0.272906403940887 -0.58128078817734 -0.218226600985222 -0.393103448275862 -0.316748768472906 -0.264532019704433 -0.36551724137931 -0.433990147783251 -0.273399014778325 -0.413300492610837 -0.533497536945813 0.617241379310345 -0.498522167487685 0.40935960591133 0.605418719211823 -0.0487744799856786 0.33743842364532 0.17487684729064 0.167487684729064 0.323152709359606 0.267980295566502 0.120689655172414 -0.0559803138263299 0.0656552045356192 -0.0374384236453202 0.0270935960591133 0.0985221674876847 0.0891625615763547 0.0586206896551724 -0.120689655172414 -0.110837438423645 -0.0665024630541872 0.0280788177339901 -0.16551724137931 -0.113300492610837 0.111330049261084 -0.454187192118227 -0.317733990147783 0.580295566502463 0.537931034482758 0.388177339901478 0.558620689655172 0.565024630541872 0.528571428571428 -0.596551724137931 -0.557142857142857 -0.684729064039409 -0.600492610837438 -0.275369458128079 -0.0320197044334975 -0.302463054187192 -0.258620689655172 -0.287684729064039 -0.433004926108374 -0.43448275862069 -0.314778325123153 -0.494581280788177 -0.26551724137931 -0.504926108374384 -0.508866995073892 -0.333990147783251 -0.0906403940886699 -0.466995073891625 -0.673891625615763 -0.447783251231527 -0.118226600985222 -0.555172413793103 0.0916256157635468 -0.424137931034483 0.00443349753694581 -0.67487684729064 -0.406896551724138 -0.0714285714285714 -0.0940886699507389 -0.169950738916256 -0.497536945812808 -0.441379310344828 -0.237931034482759 -0.47192118226601 -0.596551724137931 -0.284729064039409 -0.00738916256157635 -0.226108374384236 -0.284729064039409 -0.304926108374384 -0.250738916256158 -0.426108374384236 -0.102463054187192 -0.510837438423645 -0.780788177339901 -0.50935960591133 0.0189678533277639 -0.184463765383678 -0.361083743842364 -0.488669950738916 -0.113300492610837 -0.610344827586207 -0.239901477832512 -0.466009852216749 -0.163054187192118 -0.476847290640394 -0.644827586206896 -0.777339901477832 -0.2 0.464039408866995 0.18128078817734 0.644827586206896 0.196551724137931 0.262068965517241 0.130541871921182 0.540394088669951 0.0591133004926108
-0.0541871921182266 0.105911330049261 0.562068965517241 -0.591133004926108 -0.68128078817734 0.286206896551724 -0.282758620689655 1 0.547290640394089 -0.53448275862069 -0.577339901477832 0.747783251231527 -0.660591133004926 0.0857142857142857 0.238916256157635 0.635467980295566 0.511822660098522 0.0945812807881773 0.509852216748768 0.466502463054187 0.216256157635468 0.369458128078818 0.294581280788177 0.351231527093596 0.148768472906404 0.16551724137931 0.489162561576355 0.349753694581281 0.700985221674877 0.389162561576355 0.336945812807882 0.625615763546798 0.654187192118227 -0.00492610837438424 -0.0354679802955665 0.758128078817734 0.254187192118227 0.46256157635468 0.312315270935961 -0.0167487684729064 0.709852216748768 0.517241379310345 0.457635467980296 0.392118226600985 0.537931034482758 0.610837438423645 0.54384236453202 0.563054187192118 0.478817733990148 0.291625615763547 0.0492610837438424 0.0295566502463054 0.0532019704433497 0.559605911330049 0.677832512315271 0.0152709359605911 0.315763546798029 0.199507389162562 -0.594088669950739 0.706403940886699 -0.787684729064039 -0.675369458128079 -0.204212342970341 -0.726108374384236 -0.425615763546798 -0.0753694581280788 -0.377832512315271 -0.265024630541872 -0.140886699507389 -0.191122216807955 -0.410281161417138 -0.475369458128079 0.404926108374384 0.332512315270936 0.308374384236453 0.422167487684729 0.423645320197044 0.416256157635468 0.380788177339901 0.4935960591133 0.38128078817734 0.454187192118227 0.294088669950739 0.651231527093596 0.570935960591133 -0.516256157635468 -0.660591133004926 -0.707389162561576 -0.686206896551724 -0.567487684729064 -0.698522167487685 0.297044334975369 0.507389162561576 0.415763546798029 0.182266009852217 0.422660098522167 0.451231527093596 0.614778325123153 0.634975369458128 0.504433497536946 0.467980295566502 0.245320197044335 0.44679802955665 0.666009852216749 0.554187192118227 0.483743842364532 0.175369458128079 0.543349753694581 0.495566502463054 0.603448275862069 0.366502463054187 0.615270935960591 0.577832512315271 0.429556650246305 0.0645320197044335 0.0527093596059113 0.0551724137931034 0.330541871921182 0.157142857142857 0.246305418719212 0.430049261083744 0.155665024630542 0.611330049261084 0.204433497536946 0.279310344827586 0.511822660098522 0.608866995073892 0.478817733990148 0.207389162561576 0.262068965517241 0.38423645320197 0.34679802955665 -0.0206896551724138 0.604433497536946 0.227586206896552 0.605911330049261 0.327093596059113 0.591625615763547 -0.331075258084606 -0.00197287449608211 -0.139901477832512 0.213793103448276 -0.178325123152709 0.268472906403941 0.611330049261084 0.395566502463054 0.455172413793103 0.132019704433498 0.327093596059113 0.340886699507389 -0.272906403940887 -0.688177339901478 -0.241871921182266 -0.555665024630542 -0.295073891625616 -0.715763546798029 -0.226600985221675 -0.651724137931034 -0.341871921182266
-0.120689655172414 0.0354679802955665 0.126600985221675 -0.512315270935961 -0.452216748768473 0.0891625615763547 -0.433497536945813 0.547290640394089 1 -0.407389162561576 -0.244827586206897 0.434975369458128 -0.567980295566502 -0.0596059113300492 0.0901477832512315 0.606403940886699 0.31871921182266 0.0817733990147783 0.558128078817734 0.0862068965517241 0.246305418719212 0.188669950738916 0.428571428571428 -0.0408866995073892 0.587192118226601 0.231034482758621 0.666995073891625 0.481773399014778 0.57192118226601 0.351231527093596 0.194088669950739 0.446305418719212 0.486206896551724 0.199014778325123 0.14384236453202 0.491133004926108 0.228571428571429 0.529064039408867 0.26256157635468 0.291625615763547 0.664532019704433 0.285714285714286 0.421674876847291 0.449261083743842 0.348275862068965 0.331527093596059 0.307881773399015 0.49064039408867 0.532512315270936 0.448768472906404 0.202463054187192 0.394088669950739 -0.058128078817734 0.508866995073892 0.565024630541872 0.235960591133005 0.389655172413793 0.396059113300493 -0.448768472906404 0.65320197044335 -0.468965517241379 -0.527586206896552 0.0448331078656238 -0.464532019704433 -0.336453201970443 -0.102955665024631 -0.120689655172414 -0.313793103448276 0.104433497536946 0.190382388871924 0.0413857709524137 -0.0886699507389162 0.249753694581281 -0.0921182266009852 -0.193103448275862 0.320689655172414 0.146305418719212 0.0975369458128079 0.0768472906403941 0.0985221674876847 -0.0748768472906404 0.11871921182266 -0.0758620689655172 0.419211822660098 0.368965517241379 -0.368965517241379 -0.533497536945813 -0.441379310344828 -0.418226600985222 -0.501477832512315 -0.462068965517241 0.47487684729064 0.591133004926108 0.357142857142857 0.367487684729064 0.176847290640394 0.422660098522167 0.268472906403941 0.329064039408867 0.464039408866995 0.551724137931034 0.279310344827586 0.291625615763547 0.570935960591133 0.361083743842364 0.323645320197044 0.266009852216749 0.329064039408867 0.142857142857143 0.496551724137931 0.506896551724138 0.412807881773399 0.386699507389162 0.516748768472906 0.016256157635468 0.0561576354679803 0.212315270935961 0.543349753694581 0.270443349753695 0.325615763546798 0.392610837438424 0.262068965517241 0.610344827586207 0.216256157635468 -0.0827586206896552 0.197536945812808 0.413300492610837 0.519704433497537 -0.180295566502463 -0.00788177339901478 0.250738916256158 0.113793103448276 0.0241379310344828 0.277339901477832 -0.110837438423645 0.339901477832512 0.479310344827586 0.54679802955665 0.0775957636135796 0.0468557692819502 0.230541871921182 0.164532019704433 0.00147783251231527 0.387192118226601 0.559605911330049 0.29064039408867 0.36551724137931 0.274384236453202 0.457142857142857 0.446305418719212 0.00197044334975369 -0.409852216748768 -0.222660098522167 -0.373891625615764 -0.311330049261084 -0.269950738916256 -0.0896551724137931 -0.31871921182266 -0.308866995073892
0.0689655172413793 -0.162068965517241 -0.44679802955665 0.745812807881773 0.710344827586207 -0.524630541871921 0.710837438423645 -0.53448275862069 -0.407389162561576 1 0.744827586206896 -0.736453201970443 0.838423645320197 -0.0201970443349754 -0.463054187192118 -0.707881773399015 -0.732512315270936 -0.408374384236453 -0.269458128078818 -0.574384236453202 0.0423645320197044 -0.679802955665024 -0.482758620689655 -0.488177339901478 -0.38423645320197 -0.31871921182266 -0.527093596059113 -0.236945812807882 -0.449261083743842 -0.613793103448276 -0.507881773399015 -0.744334975369458 -0.58423645320197 -0.125615763546798 -0.30935960591133 -0.588669950738916 -0.212807881773399 -0.558128078817734 -0.617241379310345 0.032512315270936 -0.573399014778325 -0.577832512315271 -0.129064039408867 -0.423152709359606 -0.439408866995074 -0.513793103448276 -0.527586206896552 -0.236453201970443 -0.370443349753695 -0.206896551724138 -0.285221674876847 -0.282758620689655 -0.142364532019704 -0.320689655172414 -0.509852216748768 -0.168472906403941 -0.344827586206896 -0.339408866995074 0.787192118226601 -0.594581280788177 0.575862068965517 0.82167487684729 0.149772140562084 0.641871921182266 0.261576354679803 0.24679802955665 0.356650246305419 0.303448275862069 0.11576354679803 -0.00493218624020528 0.124157312857241 0.211330049261084 -0.132019704433498 -0.13743842364532 -0.116748768472906 -0.324630541871921 -0.608374384236453 -0.64384236453202 -0.183251231527094 -0.291625615763547 -0.507389162561576 -0.64679802955665 -0.387192118226601 -0.682266009852217 -0.542857142857143 0.847783251231527 0.827586206896552 0.72167487684729 0.85320197044335 0.796551724137931 0.775369458128079 -0.375862068965517 -0.540394088669951 -0.533004926108374 -0.274384236453202 -0.637931034482758 -0.257635467980296 -0.688669950738916 -0.20295566502463 -0.203940886699507 -0.339901477832512 -0.299507389162562 -0.259113300492611 -0.577339901477832 -0.41231527093596 -0.370935960591133 -0.261576354679803 -0.257635467980296 -0.522660098522167 -0.630541871921182 -0.429556650246305 -0.466995073891625 -0.206896551724138 -0.492118226600985 -0.0369458128078818 -0.295566502463054 -0.0724137931034483 -0.427093596059113 -0.283251231527094 -0.155665024630542 -0.244827586206897 -0.0758620689655172 -0.517241379310345 -0.396059113300493 -0.42512315270936 -0.549261083743842 -0.803940886699507 -0.265024630541872 -0.338423645320197 -0.400492610837438 -0.454187192118227 -0.400492610837438 -0.26551724137931 -0.733497536945813 -0.28423645320197 -0.808374384236453 -0.641871921182266 -0.586699507389162 -0.0110851090876542 -0.28064139706768 -0.164039408866995 -0.289655172413793 0.0270935960591133 -0.440886699507389 -0.220197044334975 -0.604433497536946 -0.23448275862069 -0.416748768472906 -0.397536945812808 -0.592118226600985 0.0507389162561576 0.642857142857143 0.387192118226601 0.791625615763547 0.0556650246305419 0.706403940886699 0.327093596059113 0.786699507389162 0.295073891625616
-0.180295566502463 0.0758620689655172 -0.729064039408867 0.554187192118227 0.640394088669951 -0.750738916256158 0.270935960591133 -0.577339901477832 -0.244827586206897 0.744827586206896 1 -0.810344827586207 0.672906403940887 -0.23743842364532 -0.675369458128079 -0.575369458128079 -0.664532019704433 -0.0719211822660098 -0.257142857142857 -0.539901477832512 0.101477832512315 -0.606896551724138 -0.258128078817734 -0.484729064039409 -0.102463054187192 -0.113300492610837 -0.350738916256158 -0.231527093596059 -0.405911330049261 -0.3935960591133 -0.625123152709359 -0.542364532019704 -0.429556650246305 -0.164039408866995 0.000492610837438423 -0.570443349753694 -0.0660098522167488 -0.496551724137931 -0.623152709359606 0.0399014778325123 -0.408866995073892 -0.657635467980295 -0.194088669950739 -0.282758620689655 -0.421674876847291 -0.702463054187192 -0.622660098522167 -0.178817733990148 -0.100985221674877 -0.189162561576355 -0.137931034482759 -0.244334975369458 -0.0137931034482759 -0.242857142857143 -0.442364532019704 0.0571428571428571 -0.0866995073891625 -0.0630541871921182 0.580295566502463 -0.412807881773399 0.587192118226601 0.695073891625616 0.257913538106088 0.760591133004926 0.413793103448276 0.254679802955665 0.423152709359606 0.383251231527094 0.314778325123153 0.139334261285799 0.299919105544035 0.407881773399015 -0.224630541871921 -0.190147783251231 -0.203448275862069 -0.498522167487685 -0.666502463054187 -0.734975369458128 -0.117241379310345 -0.345812807881773 -0.547290640394089 -0.819211822660098 -0.651724137931034 -0.670443349753694 -0.685714285714286 0.730541871921182 0.734975369458128 0.764039408866995 0.798029556650246 0.731527093596059 0.696551724137931 -0.0349753694581281 -0.304926108374384 -0.303448275862069 -0.0206896551724138 -0.681773399014778 -0.431034482758621 -0.803448275862069 -0.137931034482759 -0.111330049261084 -0.141871921182266 -0.0881773399014778 -0.0827586206896552 -0.514778325123153 -0.37192118226601 -0.122660098522167 0.0177339901477832 -0.0576354679802956 -0.678817733990148 -0.573891625615763 -0.0753694581280788 -0.316256157635468 -0.26256157635468 -0.297536945812808 -0.0133004926108374 -0.152709359605911 -0.221182266009852 -0.135960591133005 -0.0842364532019704 -0.314778325123153 -0.383743842364532 0.0699507389162561 -0.396551724137931 -0.0798029556650246 -0.385714285714286 -0.530049261083744 -0.776847290640394 -0.210837438423645 -0.623152709359606 -0.547290640394089 -0.321674876847291 -0.297044334975369 -0.00541871921182266 -0.668472906403941 -0.34384236453202 -0.729064039408867 -0.263546798029557 -0.442857142857143 0.0463111224106443 -0.10234286448426 0.0620689655172414 -0.0354679802955665 -0.0285714285714286 -0.14384236453202 -0.211822660098522 -0.492118226600985 -0.216748768472906 -0.104926108374384 0.0339901477832512 -0.218226600985222 0.245320197044335 0.517733990147783 0.547290640394089 0.691625615763547 -0.0906403940886699 0.789655172413793 0.527586206896552 0.718226600985222 0.459605911330049
-0.045320197044335 0.129064039408867 0.61871921182266 -0.700985221674877 -0.740394088669951 0.601477832512315 -0.34679802955665 0.747783251231527 0.434975369458128 -0.736453201970443 -0.810344827586207 1 -0.78423645320197 0.118226600985222 0.423645320197044 0.613793103448276 0.547783251231527 0.113793103448276 0.383251231527094 0.397536945812808 0.0354679802955665 0.423152709359606 0.435467980295566 0.457142857142857 0.229556650246305 0.221182266009852 0.420689655172414 0.307881773399015 0.526600985221675 0.468965517241379 0.536945812807882 0.535467980295566 0.471428571428571 0.0177339901477832 0.0817733990147783 0.599507389162562 0.221674876847291 0.579310344827586 0.485221674876847 0.154679802955665 0.557142857142857 0.446305418719212 0.350738916256158 0.272906403940887 0.372413793103448 0.536453201970443 0.45320197044335 0.441379310344828 0.442364532019704 0.228571428571429 0.369950738916256 0.310344827586207 0.252709359605911 0.484729064039409 0.640394088669951 -0.0492610837438424 0.385221674876847 0.423152709359606 -0.69064039408867 0.660098522167488 -0.598522167487685 -0.841871921182266 -0.36728661443761 -0.724630541871921 -0.428571428571428 -0.311822660098522 -0.366502463054187 -0.409852216748768 -0.197536945812808 -0.131689372613481 -0.375282083512936 -0.451724137931034 0.225615763546798 0.148275862068965 0.217241379310345 0.588669950738916 0.541871921182266 0.567487684729064 0.158128078817734 0.357635467980295 0.427093596059113 0.641871921182266 0.434975369458128 0.807881773399015 0.822167487684729 -0.708374384236453 -0.724630541871921 -0.700492610837438 -0.78128078817734 -0.77192118226601 -0.723152709359606 0.354679802955665 0.506896551724138 0.474384236453202 0.217733990147783 0.542364532019704 0.436945812807882 0.737931034482758 0.381773399014778 0.288669950738916 0.390147783251231 0.370443349753695 0.305418719211823 0.632019704433497 0.369458128078818 0.223645320197044 0.238423645320197 0.261576354679803 0.614285714285714 0.703940886699507 0.387684729064039 0.540886699507389 0.43448275862069 0.58423645320197 0.119211822660098 0.201970443349754 0.0103448275862069 0.321182266009852 0.316748768472906 0.298029556650246 0.340886699507389 -0.0364532019704433 0.51871921182266 0.315763546798029 0.347290640394089 0.551231527093596 0.84679802955665 0.386699507389162 0.413300492610837 0.470935960591133 0.517241379310345 0.520689655172414 0.23743842364532 0.748275862068965 0.396059113300493 0.792610837438424 0.558620689655172 0.730541871921182 -0.165537629042303 0.124044483941163 -0.0615763546798029 0.194581280788177 -0.117241379310345 0.431527093596059 0.44384236453202 0.605418719211823 0.415270935960591 0.276354679802956 0.300985221674877 0.466009852216749 -0.0221674876847291 -0.536453201970443 -0.376354679802956 -0.778817733990148 0.0295566502463054 -0.747783251231527 -0.418226600985222 -0.761576354679803 -0.344334975369458
0.029064039408867 -0.248275862068965 -0.414778325123153 0.875369458128079 0.878817733990148 -0.339408866995074 0.649753694581281 -0.660591133004926 -0.567980295566502 0.838423645320197 0.672906403940887 -0.78423645320197 1 -0.0901477832512315 -0.267487684729064 -0.707881773399015 -0.603448275862069 -0.380295566502463 -0.491625615763547 -0.451231527093596 -0.217241379310345 -0.542364532019704 -0.637931034482758 -0.501970443349754 -0.488177339901478 -0.453694581280788 -0.676847290640394 -0.36551724137931 -0.651231527093596 -0.577339901477832 -0.505911330049261 -0.750246305418719 -0.724630541871921 -0.121182266009852 -0.257142857142857 -0.578817733990148 -0.3 -0.691133004926108 -0.445320197044335 -0.148768472906404 -0.740886699507389 -0.447290640394089 -0.440394088669951 -0.364039408866995 -0.367487684729064 -0.472413793103448 -0.430541871921182 -0.547290640394089 -0.644827586206896 -0.390147783251231 -0.320689655172414 -0.51871921182266 -0.34679802955665 -0.642364532019704 -0.77192118226601 -0.327586206896552 -0.603940886699507 -0.533497536945813 0.861083743842364 -0.729064039408867 0.715763546798029 0.892118226600985 0.258159873863592 0.71231527093596 0.380788177339901 0.12807881773399 0.439901477832512 0.313300492610837 0.212315270935961 -0.0508015182741144 0.212293676922566 0.295073891625616 -0.369458128078818 -0.153694581280788 -0.0906403940886699 -0.469950738916256 -0.461576354679803 -0.527093596059113 -0.265024630541872 -0.316748768472906 -0.444334975369458 -0.517241379310345 -0.385714285714286 -0.8 -0.633990147783251 0.850246305418719 0.9 0.775369458128079 0.891625615763547 0.93743842364532 0.855665024630542 -0.520689655172414 -0.732019704433497 -0.620197044334975 -0.530049261083744 -0.511822660098522 -0.428571428571428 -0.640886699507389 -0.371428571428571 -0.396551724137931 -0.561576354679803 -0.564039408866995 -0.530541871921182 -0.785714285714286 -0.376354679802956 -0.430541871921182 -0.36256157635468 -0.317241379310345 -0.420197044334975 -0.695566502463054 -0.535960591133005 -0.695566502463054 -0.502463054187192 -0.687192118226601 -0.220689655172414 -0.36256157635468 -0.278325123152709 -0.692118226600985 -0.455172413793103 -0.413300492610837 -0.471428571428571 -0.147783251231527 -0.633990147783251 -0.515270935960591 -0.348768472906404 -0.499014778325123 -0.813793103448276 -0.553694581280788 -0.130049261083744 -0.183251231527094 -0.530049261083744 -0.420689655172414 -0.291133004926108 -0.638423645320197 -0.208374384236453 -0.766502463054187 -0.714778325123153 -0.672906403940887 -0.104692696938957 -0.323058198733446 -0.298029556650246 -0.483743842364532 -0.0354679802955665 -0.631034482758621 -0.543349753694581 -0.701970443349754 -0.483251231527093 -0.463546798029557 -0.499507389162561 -0.683251231527093 -0.0187192118226601 0.780788177339901 0.397536945812808 0.882266009852217 0.266502463054187 0.667980295566502 0.382266009852217 0.83743842364532 0.342857142857143
